a := matrix([[0.479038,0.699506,0.530295],[0.761562,-0.0307719,-0.647361],[0.436515,-0.713963,0.547459]]);
a := matrix([[0.479038,0.699506,0.530295],[0.761562,-0.0307719,-0.647361],[0.436515,-0.713963,0.547459]]);
a := matrix([[0.479038,0.699506,0.530295],[0.761562,-0.0307719,-0.647361],[0.436515,-0.713963,0.547459]]);
a := matrix([[0.479038,0.699506,0.530295],[0.761562,-0.0307719,-0.647361],[0.436515,-0.713963,0.547459]]);
a := matrix([[0.479038,0.699506,0.530295],[0.761562,-0.0307719,-0.647361],[0.436515,-0.713963,0.547459]]);
