a = [0.316228 0.447214 ;0.948683 0.894427 ;];
a = [1 0.447214 ;3 0.894427 ;];
a = [0.316228 0.447214 ;0.948683 0.894427 ;];
